11
22
0 0 0 0
1 0.274094 0 0
2 1.03409 0 0
3 1.2975 0 0
4 1.2975 6.49493 0
5 1.2975 8.99798 0
6 0.64875 10.838 0
7 0 8.99798 0
143 0.84 2.69 0
144 0 2.41 0
145 0.58 2 0
146 1.16 4.78 0
147 0.34 5.39 0
148 1.10 5.94 0
149 0.23 6.26 0
150 0.29 8.65 0
151 0.29 9.83 0
152 0.12 8.32 0
153 1.12 8.24 0
154 0.11 0.84 0
155 1.15 0.33 0
156 0.71 2.12 0
22
8 1.03409 7.94493 0
9 0.274094 6.49493 0
10 1.03409 6.49493 0
11 0.274094 7.94493 0
12 1.02115 8.04328 0
13 0.287042 8.04328 0
14 0.983183 8.13493 0
15 0.325004 8.13493 0
16 0.922794 8.21363 0
17 0.385393 8.21363 0
18 0.844094 8.27402 0
19 0.464094 8.27402 0
20 0.752445 8.31199 0
21 0.555742 8.31199 0
22 0.654094 8.32493 0
157 0.74 8.11 0
158 0.40 7.87 0
159 0.86 7.64 0
160 0.63 7.36 0
161 0.274094 6.98 0
162 0.78 6.87 0
163 0.65 6.49 0
22
23 1.03409 4.43851 0
24 0.274094 2.98851 0
25 1.03409 2.98851 0
26 0.274094 4.43851 0
27 1.02115 4.53686 0
28 0.287042 4.53686 0
29 0.983183 4.62851 0
30 0.325004 4.62851 0
31 0.922794 4.70721 0
32 0.385393 4.70721 0
33 0.844094 4.7676 0
34 0.464094 4.7676 0
35 0.752445 4.80556 0
36 0.555742 4.80556 0
37 0.654094 4.81851 0
164 0.63 4.57 0
165 0.92 4.39 0
166 0.48 3.98 0
167 1.02115 3.87 0
168 0.274094 3.52 0
169 0.71 3.34 0
170 0.49 2.99 0
24
38 1.03409 1.44239 0
1 0.274094 0 0
2 1.03409 0 0
39 0.274094 1.44239 0
40 1.02115 1.54074 0
41 0.274094 -0.00760933 0
42 1.03409 -0.00760933 0
43 0.287042 1.54074 0
44 0.983183 1.63239 0
45 0.325004 1.63239 0
46 0.922794 1.71109 0
47 0.385393 1.71109 0
48 0.844094 1.77148 0
49 0.464094 1.77148 0
50 0.752445 1.80944 0
51 0.555742 1.80944 0
52 0.654094 1.82239 0
171 0.61 1.66 0
172 0.46 1.46 0
173 0.93 1.27 0
174 1.03 0.90 0
175 0.47 0.76 0
176 0.66 0.51 0
177 0.47 0.20 0
27
53 3.8925 6.49493 0
54 3.8925 0 0
55 3.43731 0 0
56 1.78471 0 0
3 1.2975 0 0
4 1.2975 6.49493 0
57 2.595 7.53493 0
178 1.95 7.01 0
179 3.59 6.74 0
180 2.59 6.63 0
181 3.57 5.82 0
182 1.67 5.90 0
183 1.30 5.47 0
184 1.97 3.61 0
185 3.52 3.83 0
186 3.78 4.94 0
187 2.54 3.08 0
188 3.89 2.90 0
189 3.29 2.63 0
190 1.71 2.45 0
191 2.05 3.08 0
192 1.51 1.70 0
193 1.30 1.01 0
194 1.78 0 0
195 3.89 0 0
196 3.44 1.06 0
197 3.89 2.08 0
29
58 3.59956 5.1941 0
59 3.635 4.92493 0
60 3.59956 4.65576 0
61 3.49567 4.40493 0
62 3.33039 4.18954 0
63 3.115 4.02427 0
64 2.86417 3.92037 0
65 2.595 3.88493 0
66 2.32583 3.92037 0
67 2.075 4.02427 0
68 1.85961 4.18954 0
69 1.69433 4.40493 0
70 1.59044 4.65576 0
71 1.555 4.92493 0
72 1.59044 5.1941 0
73 1.69433 5.44493 0
74 1.85961 5.66032 0
75 2.075 5.8256 0
76 2.32583 5.9295 0
77 2.595 5.96493 0
78 2.86417 5.9295 0
79 3.115 5.8256 0
80 3.33039 5.66032 0
81 3.49567 5.44493 0
198 2.38 5.65 0
199 2.13 4.87 0
200 3.28 5.02 0
201 2.69 4.25 0
202 1.86 4.19 0
19
82 1.78471 1.52 0
83 1.81287 1.73386 0
84 1.89542 1.93315 0
85 2.02673 2.10428 0
86 2.19786 2.23559 0
87 2.39715 2.31814 0
88 2.61101 2.3463 0
89 2.82487 2.31814 0
90 3.02416 2.23559 0
91 3.19529 2.10428 0
92 3.3266 1.93315 0
93 3.40915 1.73386 0
94 3.43731 1.52 0
55 3.43731 0 0
56 1.78471 0 0
203 1.78 0.61 0
204 3.04 1.36 0
205 2.52 0.33 0
206 3.15 0.32 0
33
95 5.19 0 0
96 5.19 8.99798 0
97 4.54125 10.838 0
98 3.8925 8.99798 0
53 3.8925 6.49493 0
54 3.8925 0 0
99 4.13703 0 0
100 4.89703 0 0
207 5 9.55 0
208 4.73 8.87 0
209 4.37 9.12 0
210 4.13 8.51 0
211 5.03 8.42 0
212 5.08 7.86 0
213 4.94 7.22 0
214 5.19 6.32 0
215 3.89 6.25 0
216 4.03 7.76 0
217 4.06 8.52 0
218 4.59 5.20 0
219 4.31 5.79 0
220 4.91 5.78 0
221 4.04 3.93 0
222 3.89 3.01 0
223 5.19 4.33 0
224 4.96 3.44 0
225 5.19 4.33 0
226 4.25 2.29 0
227 4.97 1.87 0
228 5.19 1.16 0
229 4.90 0.72 0
230 3.89 8.96 0
231 4.14 0.47 0
20
101 4.17834 6.49493 0
102 4.93834 6.49493 0
103 4.93834 7.94493 0
104 4.92539 8.04328 0
105 4.88743 8.13493 0
106 4.82704 8.21363 0
107 4.74834 8.27402 0
108 4.65669 8.31199 0
109 4.55834 8.32493 0
110 4.45999 8.31199 0
111 4.36834 8.27402 0
112 4.28964 8.21363 0
113 4.22925 8.13493 0
114 4.19129 8.04328 0
115 4.17834 7.94493 0
232 4.55 8 0
233 4.40 7.47 0
234 4.75 7.30 0
235 4.35 6.76 0
236 4.72 6.49 0
18
116 4.199 2.98851 0
117 4.959 2.98851 0
118 4.959 4.43851 0
119 4.94605 4.53686 0
120 4.90809 4.62851 0
121 4.8477 4.70721 0
122 4.769 4.7676 0
123 4.67735 4.80556 0
124 4.579 4.81851 0
125 4.48065 4.80556 0
126 4.389 4.7676 0
127 4.3103 4.70721 0
128 4.24991 4.62851 0
129 4.21195 4.53686 0
130 4.199 4.43851 0
237 4.96 4.12 0
238 4.20 3.91 0
239 4.69 3.46 0
19
99 4.13703 0 0
100 4.89703 0 0
131 4.89703 1.45 0
132 4.88408 1.54835 0
133 4.84612 1.64 0
134 4.78573 1.7187 0
135 4.70703 1.77909 0
136 4.61538 1.81705 0
137 4.51703 1.83 0
138 4.41868 1.81705 0
139 4.32703 1.77909 0
140 4.24833 1.7187 0
141 4.18794 1.64 0
142 4.14997 1.54835 0
143 4.13703 1.45 0
240 4.34 1.30 0
241 4.90 0.96 0
242 4.44 0.29 0
243 4.70 0 0